1575820792025 0.00023072104 0
1575820797595 0.0 1
1575820803575 0.0 2
1575820809591 0.0 3
1575820817618 0.0 4
1575820823532 0.0 5
1575820830706 0.0 6
1575820836110 0.0 7
1575820840682 0.0 8
1575820845230 0.0 9
1575865654700 0.00023072104 0
1575865658934 0.0 1
1575865663114 0.0 2
1575865667299 0.0 3
1575865671576 0.0 4
1575865675850 0.0 5
1575868324130 0.9295877 0
1575868328274 0.94262034 1
1575868332503 0.94578904 2
1575868336697 0.9467902 3
1575868340950 0.9494933 4
1575868345593 0.9521836 5
1575868350088 0.95411193 6
1575868354748 0.95344937 7
1575868359095 0.95722985 8
1575868363359 0.9591137 9
1575868551686 0.96255547 0
1575868557066 0.96666825 1
1575868562124 0.96773714 2
1575868567420 0.96914476 3
1575868572976 0.9705418 4
1575868581468 0.9708021 5
1575868590161 0.97121066 6
1575868598413 0.97142446 7
1575868606537 0.9714795 8
1575868611629 0.97177374 9
1575876080361 0.96070546 0
1575876086092 0.96733284 1
1575876091502 0.968696 2
1575876097074 0.9691744 3
1575876102634 0.97038937 4
1575876107950 0.9705545 5
1575876113350 0.9707789 6
1575876118732 0.97106886 7
1575876124086 0.9713906 8
1575876129588 0.97158533 9
1575876331520 0.9573568 0
1575876336836 0.9653749 1
1575876342187 0.96759534 2
1575876347593 0.96926963 3
1575876352905 0.9696147 4
1575876358130 0.96995544 5
1575876364257 0.9699258 6
1575876369393 0.97020525 7
1575876374907 0.970908 8
1575876379999 0.97097784 9
1575876465758 0.96057 0
1575876472993 0.96806526 1
1575876479862 0.96926755 2
1575876485941 0.9701163 3
1575876491980 0.9706921 4
1575876497856 0.9711239 5
1575876503783 0.97144777 6
1575876509867 0.9717949 7
1575876516378 0.9719981 8
1575876522364 0.9719748 9
1575876591404 0.94396657 0
1575876596765 0.9509347 1
1575876601923 0.9521455 2
1575876607401 0.95345783 3
1575876612694 0.95519567 4
1575876618053 0.95703506 5
1575876625348 0.9583877 6
1575876631614 0.95837075 7
1575876637202 0.9599138 8
1575876643598 0.9609002 9
1575876848086 0.95246935 0
1575876855961 0.96462774 1
1575876863485 0.96593374 2
1575876871257 0.96538335 3
1575876879966 0.9654024 4
1575876886785 0.9659909 5
1575876898501 0.9684505 6
1575876906633 0.9705418 7
1575876914611 0.9711895 8
1575876922933 0.97144985 9
1575879991848 0.94868046 0
1575879998023 0.9570012 1
1575880004177 0.96018684 2
1575880010273 0.9611923 3
1575880015870 0.96323705 4
1575880021684 0.96402234 5
1575880030367 0.9659824 6
1575880036627 0.9671 7
1575880042803 0.9674514 8
1575880048386 0.9682769 9
1575880346215 0.9586332 0
1575880354606 0.9671847 1
1575880365133 0.9685055 2
1575880377573 0.9697057 3
1575880387635 0.9702899 4
1575880397895 0.97071534 5
1575880408785 0.9712382 6
1575880419469 0.97162557 7
1575880431794 0.9716848 8
1575880444830 0.971979 9
1575881426177 0.9594418 0
1575881432542 0.9652373 1
1575881438842 0.9652733 2
1575881445204 0.9652691 3
1575881451647 0.9652881 4
1575881458170 0.9653072 5
1575881464792 0.9652585 6
1575881472415 0.9652606 7
1575881479564 0.9653199 8
1575881487842 0.965485 9
1575881680184 0.95940155 0
1575881688653 0.96523947 1
1575881697832 0.96526694 2
1575881707967 0.9652585 3
1575881717902 0.9652712 4
1575881728515 0.9654871 5
1575881738433 0.96815413 6
1575881752544 0.9707238 7
1575881765854 0.97123396 8
1575881778451 0.97152394 9
1575881888151 0.95939523 0
1575881897157 0.96521616 1
1575881905384 0.9652458 2
1575881913569 0.9652479 3
1575881921612 0.96525425 4
1575881929708 0.9652627 5
1575881937612 0.9652627 6
1575881945621 0.9652754 7
1575881953813 0.96537066 8
1575881964904 0.9654723 9
1575882262547 0.959482 0
1575882280761 0.96523947 1
1575882301599 0.96525216 2
1575882321341 0.9652627 3
1575882342982 0.9652479 4
1575882363861 0.96525 5
1575882382554 0.96525 6
1575882402299 0.9652564 7
1575882422032 0.96525425 8
1575882442243 0.9652564 9
1575882810979 0.95922166 0
1575882825704 0.9652246 1
1575882840899 0.96525425 2
1575882855677 0.96525216 3
1575882869513 0.9652479 4
1575882883877 0.96525216 5
1575882898590 0.9652564 6
1575882912625 0.9652437 7
1575882929186 0.96525425 8
1575882950616 0.9652564 9
1575887561236 0.9592894 0
1575887571731 0.96521825 1
1575887582832 0.9652373 2
1575887593865 0.96525216 3
1575887604742 0.96525 4
1575887615189 0.9652585 5
1575887625506 0.96525425 6
1575887635838 0.9652585 7
1575887646307 0.96525216 8
1575887656477 0.96525 9
1575888206962 0.9595434 0
1575888218539 0.96530503 1
1575888229659 0.9669603 2
1575888241060 0.9704 3
1575888251917 0.97114503 4
1575888262738 0.97153664 5
1575888272732 0.97192824 6
1575888282581 0.9721759 7
1575888292660 0.9721124 8
1575888303035 0.9723346 9
1575888555956 0.95967036 0
1575888567313 0.9652945 1
1575888578166 0.96534103 2
1575888589000 0.96533895 3
1575888599967 0.96534103 4
1575888610248 0.9653093 5
1575888620143 0.96560353 6
1575888630759 0.9705905 7
1575888641373 0.97168905 8
1575888650386 0.9718457 9
1575889064250 0.959645 0
1575889073520 0.96525 1
1575889083069 0.96621525 2
1575889092912 0.96818376 3
1575889102038 0.97078943 4
1575889111722 0.97142446 5
1575889120119 0.97167635 6
1575889129610 0.9718732 7
1575889139545 0.97187954 8
1575889148635 0.97212297 9
