1575820792025 nan 0
1575820797595 nan 1
1575820803575 nan 2
1575820809591 nan 3
1575820817618 nan 4
1575820823532 nan 5
1575820830706 nan 6
1575820836110 nan 7
1575820840682 nan 8
1575820845230 nan 9
1575865654700 nan 0
1575865658934 nan 1
1575865663114 nan 2
1575865667299 nan 3
1575865671576 nan 4
1575865675850 nan 5
1575868324130 9.419498808330601 0
1575868328274 0.9259106674852702 1
1575868332503 0.7746130561009584 2
1575868336697 0.6693992052892561 3
1575868340950 0.5765750439285033 4
1575868345593 0.47287944782583086 5
1575868350088 0.38526556015274677 6
1575868354748 0.3682323816615706 7
1575868359095 0.29625434855050725 8
1575868363359 0.23575650090032818 9
1575868551686 0.7283519158745987 0
1575868557066 0.1882617030857088 1
1575868562124 0.14519473355253756 2
1575868567420 0.12768785575610475 3
1575868572976 0.1145512720514897 4
1575868581468 0.11325151962150054 5
1575868590161 0.11241636547309286 6
1575868598413 0.11085322285803091 7
1575868606537 0.1097889395977801 8
1575868611629 0.10910643414094397 9
1575876080361 0.906634438401658 0
1575876086092 0.39486059819227953 1
1575876091502 0.22524385938845629 2
1575876097074 0.15037123088183313 3
1575876102634 0.1184971392569526 4
1575876107950 0.11413739420707991 5
1575876113350 0.11394317463796336 6
1575876118732 0.11243604820884158 7
1575876124086 0.11159033255118733 8
1575876129588 0.1106468451668262 9
1575876331520 1.0057871354837264 0
1575876336836 0.28453693782719125 1
1575876342187 0.14780173391233947 2
1575876347593 0.12686897966681823 3
1575876352905 0.12101462326405651 4
1575876358130 0.11739834940013219 5
1575876364257 0.11634148754368474 6
1575876369393 0.11509092589635589 7
1575876374907 0.11391219464958503 8
1575876379999 0.11655092465683037 9
1575876465758 0.4094659677311224 0
1575876472993 0.14993531460419177 1
1575876479862 0.12125094501644754 2
1575876485941 0.11588278750892125 3
1575876491980 0.11382269520685619 4
1575876497856 0.11200726686450709 5
1575876503783 0.11354519377542398 6
1575876509867 0.10954109062298284 7
1575876516378 0.1088311739502353 8
1575876522364 0.10840050484674114 9
1575876591404 0.8671099252595265 0
1575876596765 0.5566126933090095 1
1575876601923 0.4968881693204146 2
1575876607401 0.39178179625206366 3
1575876612694 0.36243415564448545 4
1575876618053 0.29212119510519635 5
1575876625348 0.2607268721013368 6
1575876631614 0.26046148010388553 7
1575876637202 0.21816016295919735 8
1575876643598 0.2063595583093321 9
1575876848086 2.6773777288936604 0
1575876855961 0.17961986478072797 1
1575876863485 0.12818046515150125 2
1575876871257 0.1266250411666049 3
1575876879966 0.12585508035667525 4
1575876886785 0.12597222889163506 5
1575876898501 0.11908416238229537 6
1575876906633 0.11384577131341106 7
1575876914611 0.11117040022133239 8
1575876922933 0.1107216031890918 9
1575879991848 0.6054835911637642 0
1575879998023 0.3251720041242697 1
1575880004177 0.2514981319788775 2
1575880010273 0.2315929811524189 3
1575880015870 0.19408146259780065 4
1575880021684 0.17121732141409385 5
1575880030367 0.15230072336373915 6
1575880036627 0.140884937174674 7
1575880042803 0.1379986150061482 8
1575880048386 0.1302219627462735 9
1575880346215 1.2913120991039022 0
1575880354606 0.22170829112951976 1
1575880365133 0.13276095031171914 2
1575880377573 0.12000216668073704 3
1575880387635 0.11879636391401331 4
1575880397895 0.11373947548372511 5
1575880408785 0.11207889828482867 6
1575880419469 0.1107736546006863 7
1575880431794 0.111075667203589 8
1575880444830 0.10864767055709584 9
1575881426177 0.6606572027103288 0
1575881432542 0.1282698264681821 1
1575881438842 0.12621898142746518 2
1575881445204 0.1334983229341414 3
1575881451647 0.12162442548533502 4
1575881458170 0.12212639881266593 5
1575881464792 0.11911634721840199 6
1575881472415 0.1181838698557742 7
1575881479564 0.1165811579909024 8
1575881487842 0.11504396635668218 9
1575881680184 0.6600593900712437 0
1575881688653 0.12851975127157833 1
1575881697832 0.1256463378145506 2
1575881707967 0.12364054556718895 3
1575881717902 0.12257893393999934 4
1575881728515 0.12064775325587283 5
1575881738433 0.11704319050985908 6
1575881752544 0.11169243239717443 7
1575881765854 0.11024472589232714 8
1575881778451 0.10893921663726458 9
1575881888151 0.6822504210217555 0
1575881897157 0.12778954531385667 1
1575881905384 0.12565624491594 2
1575881913569 0.12459784050038986 3
1575881921612 0.1235635949742022 4
1575881929708 0.12132700092634571 5
1575881937612 0.15728867561625318 6
1575881945621 0.11825056608110131 7
1575881953813 0.11641072584291848 8
1575881964904 0.11630781598266264 9
1575882262547 0.6809453042472912 0
1575882280761 0.12762070299971295 1
1575882301599 0.12580278445566756 2
1575882321341 0.1242059280297676 3
1575882342982 0.12511366498820745 4
1575882363861 0.12052702487174134 5
1575882382554 0.1198384647303708 6
1575882402299 0.11747606292442177 7
1575882422032 0.11561388349009848 8
1575882442243 0.11436515447918963 9
1575882810979 0.661778125337267 0
1575882825704 0.1272539464017453 1
1575882840899 0.1258751001901291 2
1575882855677 0.12395795150866101 3
1575882869513 0.12246693391482212 4
1575882883877 0.12088184727444595 5
1575882898590 0.11982772912010417 6
1575882912625 0.1196597762746267 7
1575882929186 0.11736595394766633 8
1575882950616 0.11587710827528476 9
1575887561236 0.6832313398772651 0
1575887571731 0.1303037489105903 1
1575887582832 0.13214782755008805 2
1575887593865 0.12394600303271898 3
1575887604742 0.1273074256196988 4
1575887615189 0.12076150827152962 5
1575887625506 0.1202873411069925 6
1575887635838 0.12058267934570772 7
1575887646307 0.11749951581620142 8
1575887656477 0.11545967550028326 9
1575888206962 0.5179642984382984 0
1575888218539 0.13836412593956002 1
1575888229659 0.12311483560603814 2
1575888241060 0.11280894437767285 3
1575888251917 0.10981096987024519 4
1575888262738 0.10859412113141831 5
1575888272732 0.10764616488593858 6
1575888282581 0.10612537003527482 7
1575888292660 0.10593907270330344 8
1575888303035 0.10490682434187065 9
1575888555956 0.5108966554188642 0
1575888567313 0.12614484518058866 1
1575888578166 0.12181744939220639 2
1575888589000 0.1201559552167681 3
1575888599967 0.11810830156842272 4
1575888610248 0.11581011223417359 5
1575888620143 0.12065685753089739 6
1575888630759 0.10941707259127005 7
1575888641373 0.10727651872864448 8
1575888650386 0.10798711678975281 9
1575889064250 0.5354959266446045 0
1575889073520 0.13424396540251854 1
1575889083069 0.12229487622600148 2
1575889092912 0.11804511055638466 3
1575889102038 0.11164258678993212 4
1575889111722 0.10874118528694685 5
1575889120119 0.1077354512395895 6
1575889129610 0.11187932858567894 7
1575889139545 0.10640893793409482 8
1575889148635 0.10543905833111102 9
